0.7503097653388977
0.7496902346611023
0.7509293556213379
0.781288743019104
0.7986369132995605
0.7422552704811096
0.6511772274971008
0.8020446300506592
0.7382280230522156
0.754027247428894
0.7763320803642273
0.7620818018913269
0.7682775855064392
0.6291821599006653
0.7506195902824402
0.7992565035820007
0.74349445104599
0.6877323389053345
0.7465923428535461
0.7360594868659973
0.7388476133346558
0.7819082736968994
0.7819082736968994
0.7769516706466675
0.7304832935333252
0.7537174820899963
0.7320322394371033
0.7571251392364502
0.7518587112426758
0.7719950675964355
0.763630747795105
0.7834572196006775
0.7465923428535461
0.7431846261024475
0.732342004776001
0.7688971757888794
0.8070012331008911
0.7645601034164429
0.7530978918075562
0.7651796936988831
0.747521698474884
0.7503097653388977
0.7664188146591187
0.7506195902824402
0.752478301525116
0.7469021081924438
0.7428748607635498
0.7546468377113342
0.7456629276275635
0.7964683771133423
0.7921313643455505
0.75650554895401
0.7617719769477844
0.7512391805648804
0.7469021081924438
0.7515489459037781
0.7503097653388977
0.7874845266342163
0.7627013921737671
0.7633209228515625
0.7503097653388977
0.7515489459037781
0.7707558870315552
0.7518587112426758
0.7664188146591187
0.7304832935333252
0.7614622116088867
0.774163544178009
0.7407063245773315
0.736369252204895
0.7478314638137817
0.7713754773139954
0.7552664279937744
0.7335811853408813
0.7871747016906738
0.7713754773139954
0.7100371718406677
0.7530978918075562
0.8060718774795532
0.7515489459037781
0.7506195902824402
0.7571251392364502
0.8249689936637878
0.7527881264686584
0.7735440135002136
0.8020446300506592
0.7561957836151123
0.7527881264686584
0.6734820604324341
0.7586740851402283
0.7754027247428894
0.752478301525116
0.7995662689208984
0.7927509546279907
0.7577447295188904
0.7648698687553406
0.7850062251091003
0.7425650358200073
0.7431846261024475
0.7704461216926575
0.7530978918075562
0.7623915672302246
0.7688971757888794
0.5926269888877869
0.7645601034164429
0.7673482298851013
0.7465923428535461
0.5480173230171204
0.8094795346260071
0.664807915687561
0.7419455051422119
0.7633209228515625
0.7403965592384338
0.36957868933677673
0.7506195902824402
0.7592936754226685
0.7874845266342163
0.7589839100837708
0.7419455051422119
0.7552664279937744
0.7580544948577881
0.7422552704811096
0.7602230310440063
0.754027247428894
0.7512391805648804
0.7543370723724365
0.7413259148597717
0.7521685361862183
0.7980173230171204
0.5436803102493286
0.7574349641799927
0.7760223150253296
0.767657995223999
0.7924411296844482
0.7444238066673279
0.7785006165504456
0.7487608194351196
0.7620818018913269
0.7512391805648804
0.7946096658706665
0.7465923428535461
0.6964064240455627
0.7778810262680054
0.7571251392364502
0.7403965592384338
0.7543370723724365
0.7933704853057861
0.7456629276275635
0.7469021081924438
0.7546468377113342
0.41232961416244507
0.7828376889228821
0.7611523866653442
0.747521698474884
0.7530978918075562
0.7580544948577881
0.7301734685897827
0.7605328559875488
0.7388476133346558
0.7623915672302246
0.7568153738975525
0.7633209228515625
0.801425039768219
0.7710656523704529
0.8175340890884399
0.8141263723373413
0.767657995223999
0.75
0.7453531622886658
0.7410160899162292
0.7874845266342163
0.7912020087242126
0.7493804097175598
0.7512391805648804
0.7627013921737671
0.7326517701148987
0.7670384049415588
0.7490706443786621
0.7596034407615662
0.7574349641799927
0.7983271479606628
0.6824659109115601
0.7803593277931213
0.787794291973114
0.7580544948577881
0.7874845266342163
0.7369888424873352
0.7571251392364502
0.745972752571106
0.7750929594039917
0.7496902346611023
0.8131970167160034
0.7803593277931213
0.7543370723724365
0.736369252204895
0.28004956245422363
0.763630747795105
0.7583643198013306
0.7555761933326721
0.7115861177444458
