0.7450433969497681
0.7453531622886658
0.7487608194351196
0.7450433969497681
0.7444238066673279
0.7478314638137817
0.7345105409622192
0.7428748607635498
0.7456629276275635
0.7506195902824402
0.7521685361862183
0.7419455051422119
0.7462825179100037
0.7478314638137817
0.7469021081924438
0.7450433969497681
0.7431846261024475
0.7428748607635498
0.7369888424873352
0.7400867342948914
0.7469021081924438
0.7425650358200073
0.7453531622886658
0.7450433969497681
0.7314126491546631
0.7549566030502319
0.7431846261024475
0.7515489459037781
0.7357496619224548
0.7394671440124512
0.7311028242111206
0.745972752571106
0.7289343476295471
0.7410160899162292
0.7518587112426758
0.7422552704811096
0.7317224144935608
0.7512391805648804
0.7472118735313416
0.7599132657051086
0.7422552704811096
0.7456629276275635
0.747521698474884
0.7478314638137817
0.7484510540962219
0.7391573786735535
0.7592936754226685
0.7438042163848877
0.7552664279937744
0.7422552704811096
0.7462825179100037
0.7537174820899963
0.729863703250885
0.7462825179100037
0.7509293556213379
0.7509293556213379
0.7496902346611023
0.7397769689559937
0.7506195902824402
0.7465923428535461
0.7425650358200073
0.7515489459037781
0.7478314638137817
0.7453531622886658
0.7428748607635498
0.7431846261024475
0.7410160899162292
0.7509293556213379
0.7515489459037781
0.7602230310440063
0.7388476133346558
0.7354398965835571
0.7425650358200073
0.752478301525116
0.752478301525116
0.7236679196357727
0.7400867342948914
0.7453531622886658
0.7546468377113342
0.7456629276275635
0.7509293556213379
0.7441139817237854
0.74349445104599
0.7543370723724365
0.7592936754226685
0.747521698474884
0.7422552704811096
0.7534076571464539
0.7413259148597717
0.7332713603973389
0.7416356801986694
0.7472118735313416
0.7379181981086731
0.7428748607635498
0.7391573786735535
0.7447335720062256
0.7438042163848877
0.7431846261024475
0.7487608194351196
0.7366790771484375
